Sta.	Net.	Lon.	Lat.	N_split	N_null	PHI	DPHI	TLAG	DTLAG
ATIM	6G	27.563	40.083	9	1	6.0	1.0	1.80	0.04
BOZM	6G	28.782	40.534	1	0	-88.0	3.8	2.49	0.23
BUYM	6G	29.118	40.852	9	1	21.0	1.2	1.26	0.04
CMHM	6G	27.97	40.012	3	1	10.0	1.2	1.62	0.08
EREM	6G	28.891	40.045	6	0	15.0	1.5	1.65	0.02
GBZM	6G	29.45	40.786	14	0	48.0	1.8	1.50	0.03
IGDM	6G	29.201	40.264	24	0	14.0	0.8	1.38	0.01
KKZM	6G	27.345	41.127	2	0	48.0	6.0	1.26	0.08
KMRM	6G	27.069	40.418	5	1	21.0	1.5	1.74	0.07
KNLM	6G	27.526	40.27	3	2	57.0	5.2	0.60	0.05
KRCM	6G	28.332	40.265	3	0	13.0	2.8	1.71	0.04
KVKM	6G	26.888	40.604	6	0	14.0	2.2	2.04	0.04
MADM	6G	27.665	40.564	0	1	-	-	-	-	
MARM	6G	27.961	40.967	2	0	21.0	8.0	1.14	0.10
NEVM	6G	27.263	39.954	10	0	46.0	1.2	1.71	0.02
YNKM	6G	27.397	40.826	13	1	32.0	1.2	2.13	0.02
GANJ	AB	46.3297	40.6519	1	2	-14.0	5.0	1.45	0.23
AKMS	CQ	32.335	35.018	6	3	-10.0	1.8	0.69	0.04
ALEF	CQ	32.599	35.156	9	6	10.0	1.0	1.02	0.07
ASGA	CQ	33.248	34.786	5	4	47.0	5.8	0.42	0.02
ATHA	CQ	33.396	35.141	0	5	-	-	-	-	
MVOU	CQ	33.632	35.016	9	0	27.0	1.8	0.78	0.03
NATA	CQ	32.5699	34.7789	1	1	83.0	3.0	2.04	0.09
PARA	CQ	34.04	34.994	2	2	-62.0	1.8	0.96	0.10
SUNI	CQ	32.882	34.755	1	1	17.0	6.8	1.47	0.24
TROD	CQ	32.8661	34.9472	11	1	23.0	1.0	1.08	0.04
APE	GE	25.523	37.0727	22	5	19.0	2.0	0.62	0.03
APEZ	GE	24.8859	34.9777	15	4	52.0	3.2	0.33	0.03
CSS	GE	33.331	34.9611	36	6	17.0	1.5	1.05	0.04
EIL	GE	34.9512	29.6699	113	16	8.0	0.2	1.25	0.00
FODE	GE	24.9576	35.3797	4	7	-29.0	3.0	0.45	0.04
GHAJ	GE	35.5665	31.3034	1	0	0.0	8.2	1.55	0.21
GVD	GE	24.0874	34.8391	0	3	-	-	-	-	
IMMV	GE	23.9811	35.4606	4	3	20.0	2.2	0.55	0.02
ISP	GE	30.5093	37.8433	41	3	3.0	0.5	1.68	0.02
KARP	GE	27.1611	35.5471	6	1	14.0	1.5	0.93	0.07
KERA	GE	23.5577	35.3692	2	1	-13.0	4.0	1.00	0.12
KRIS	GE	25.503	35.178	9	16	1.0	45.2	0.10	0.04
KTHA	GE	23.0621	36.2566	3	0	-17.0	2.5	0.95	0.09
LAST	GE	25.4786	35.1611	2	3	83.0	1.2	1.60	0.18
MRNI	GE	35.392	33.0118	8	2	11.0	0.8	1.45	0.02
MSBI	GE	35.358	31.3126	6	0	-1.0	0.8	1.48	0.03
SALP	GE	35.1914	32.0686	1	0	21.0	9.2	1.08	0.23
SANT	GE	25.4593	36.3705	4	3	-14.0	2.0	0.55	0.04
SIVA	GE	24.81	35.0175	0	1	-	-	-	-	
SKD	GE	23.928	35.412	5	0	29.0	6.2	0.45	0.03
UJAP	GE	35.4644	31.952	4	0	-5.0	1.2	1.48	0.04
ZKR	GE	26.217	35.1147	1	9	-49.0	13.0	1.00	0.17
AKH	GO	43.4929	41.41	2	1	34.0	7.8	1.02	0.44
BATM	GO	41.6936	41.604	3	0	15.0	1.5	1.32	0.07
ONI	GO	43.4525	42.5905	2	0	56.0	3.0	1.47	0.07
KOSK	HC	26.9785	36.7516	6	0	-31.0	4.2	0.93	0.05
AMGA	HL	25.8938	36.8316	3	2	8.0	1.2	0.51	0.06
ARG	HL	28.1212	36.2136	75	5	21.0	0.8	0.75	0.01
EAG2	HL	26.1079	38.5438	11	0	6.0	1.2	1.32	0.03
EAG3	HL	26.5693	39.085	1	0	0.0	4.8	1.80	0.07
KSL	HL	29.5856	36.1503	22	3	-9.0	1.0	1.17	0.03
LIA	HL	25.1805	39.8973	48	2	37.0	0.8	2.01	0.02
NISR	HL	27.1309	36.6106	3	0	28.0	2.0	1.23	0.03
SMG	HL	26.8377	37.7043	58	2	-1.0	0.2	1.32	0.01
SMTH	HL	25.5305	40.4709	29	0	1.0	1.2	1.35	0.02
ALN	HT	26.0497	40.8957	64	3	10.0	0.2	1.62	0.00
CHOS	HT	26.0506	38.3869	54	2	27.0	0.5	1.32	0.01
SIGR	HT	25.8553	39.2114	87	4	25.0	0.5	2.07	0.01
THAS	HT	24.7194	40.6064	18	4	-1.0	1.2	1.29	0.04
AMAZ	IS	34.9154	31.5325	8	0	19.0	2.5	1.80	0.04
AMZI	IS	34.912	31.549	4	2	5.0	1.8	1.18	0.06
BGIO	IS	35.0877	31.7219	10	0	6.0	1.0	1.48	0.03
GEM	IS	35.6631	33.2105	18	2	11.0	0.8	1.52	0.04
HRFI	IS	35.03	30.04	57	7	12.0	0.2	1.55	0.01
JER	IS	35.1972	31.7719	23	5	11.0	0.5	1.18	0.01
KSDI	IS	35.659	33.192	33	4	7.0	0.5	1.75	0.02
KZIT	IS	34.398	30.906	43	10	15.0	0.5	1.02	0.01
MMLI	IS	35.422	32.438	35	11	7.0	0.5	1.48	0.03
ANTO	IU	32.7934	39.868	69	5	45.0	0.8	0.95	0.01
GNI	IU	44.741	40.148	5	4	86.0	1.0	0.78	0.06
AQBJ	JS	35.05	29.728	5	0	8.0	1.2	1.11	0.01
SHMJ	JS	35.75	32.727	2	0	18.0	1.8	1.29	0.04
ADVT	KO	29.7383	40.4332	78	1	33.0	0.5	1.08	0.00
AFSR	KO	33.0707	39.4468	21	2	43.0	1.0	1.02	0.00
AGRB	KO	42.992	39.5755	1	1	18.0	12.8	0.63	0.13
AKDM	KO	42.98	38.3285	2	0	53.0	4.8	1.02	0.07
ANTB	KO	30.6538	36.8998	17	0	-41.0	1.0	1.17	0.01
ARMT	KO	28.866	40.5683	44	3	34.0	0.8	1.02	0.01
AYDB	KO	27.8908	37.9467	12	10	-3.0	0.8	1.08	0.02
BALB	KO	27.88	39.64	42	1	22.0	0.8	1.50	0.01
BASM	KO	30.035	37.9194	14	1	12.0	1.5	1.26	0.04
BAYT	KO	40.141	40.3937	46	4	50.0	0.5	1.11	0.01
BCA	KO	41.6223	41.445	30	2	45.0	0.8	1.11	0.02
BCK	KO	30.5877	37.461	8	0	-68.0	0.8	2.94	0.06
BGKT	KO	28.773	41.181	60	5	31.0	0.5	1.05	0.01
BLCB	KO	27.042	38.3853	11	3	18.0	1.2	1.62	0.04
BNGB	KO	40.6792	38.9913	44	1	48.0	0.8	1.05	0.01
BNN	KO	35.8472	38.8522	2	39	83.0	1.0	0.27	0.01
BODT	KO	27.3103	37.0622	16	12	0.0	0.8	0.60	0.01
BZK	KO	34.0035	41.96	3	20	46.0	3.0	0.27	0.01
CAME	KO	29.3023	37.9194	12	0	-43.0	2.2	0.87	0.01
CANT	KO	33.6197	40.6062	35	5	53.0	0.8	0.78	0.01
CAVI	KO	29.8377	40.2018	81	2	32.0	0.5	0.96	0.00
CEYT	KO	35.7478	37.0107	29	1	35.0	1.2	0.90	0.01
CHBY	KO	32.8902	38.5823	15	1	53.0	1.5	0.96	0.01
CHOM	KO	40.7612	41.097	18	1	47.0	1.0	1.23	0.01
CLDR	KO	43.9172	39.144	5	4	84.0	1.8	0.69	0.07
CMRD	KO	34.9902	37.6623	5	1	-4.0	1.0	0.66	0.03
CORM	KO	34.6302	40.1785	39	2	44.0	1.0	0.63	0.01
CRLT	KO	27.736	41.129	14	0	17.0	2.5	1.23	0.05
CTKS	KO	28.5072	41.2373	48	4	13.0	0.8	1.26	0.02
CTYL	KO	28.2897	41.476	52	2	10.0	0.5	1.50	0.01
CUKT	KO	43.6077	37.2473	11	9	3.0	4.8	0.45	0.11
DALY	KO	28.6532	36.8162	42	7	19.0	0.8	1.17	0.01
DARE	KO	37.4832	38.5712	21	7	14.0	0.8	0.93	0.03
DAT	KO	27.5767	36.7308	8	4	23.0	1.5	0.63	0.04
DIKM	KO	35.2578	41.6497	0	15	-	-	-	-	
DKL	KO	26.9053	39.0713	36	0	31.0	0.8	1.65	0.01
DYBB	KO	40.1393	37.9532	19	2	35.0	1.0	1.08	0.01
EDC	KO	27.8618	40.3465	30	3	17.0	0.5	1.56	0.01
EDRB	KO	26.7437	41.847	22	1	-3.0	0.8	1.44	0.03
ELL	KO	29.9085	36.7483	37	13	-19.0	0.5	1.23	0.01
ENEZ	KO	26.153	40.7362	13	0	13.0	1.0	1.71	0.01
EREN	KO	34.1742	35.5292	4	6	16.0	3.5	0.51	0.04
ERIK	KO	26.5132	40.6708	60	2	22.0	0.5	1.80	0.00
ERZN	KO	39.722	39.5867	34	4	46.0	1.0	1.26	0.01
ESPY	KO	38.7273	40.9167	7	0	43.0	1.2	1.14	0.01
EZN	KO	26.3247	39.8255	34	1	25.0	0.8	1.80	0.01
FETY	KO	29.0835	36.6353	6	3	-17.0	7.8	1.26	0.08
GADA	KO	25.8987	40.1908	25	0	30.0	1.0	1.80	0.01
GAZ	KO	37.2097	37.1722	26	3	23.0	1.0	1.17	0.03
GEDZ	KO	29.4105	39.0445	2	0	9.0	5.0	0.90	0.04
GELI	KO	26.4742	40.398	55	0	30.0	0.5	2.01	0.01
GEMT	KO	29.189	40.435	51	0	38.0	1.8	0.99	0.01
GULA	KO	34.236	38.3444	1	0	-60.0	6.0	0.93	0.19
GULT	KO	30.5156	40.432	32	1	38.0	0.8	1.08	0.00
GURO	KO	42.0322	38.5509	7	1	51.0	2.8	0.69	0.01
HDMB	KO	32.486	36.964	1	0	81.0	1.2	1.44	0.12
HRTX	KO	29.673	40.801	57	0	54.0	1.0	1.26	0.01
IKL	KO	33.6845	36.2367	25	13	30.0	1.0	0.66	0.01
ILIC	KO	38.5675	39.4518	8	0	25.0	1.0	1.08	0.03
ISK	KO	29.0592	41.0657	86	2	38.0	0.8	1.29	0.00
KAMT	KO	33.7124	39.3692	5	0	57.0	2.2	0.81	0.02
KARA	KO	35.0547	37.2607	19	13	8.0	0.8	0.96	0.02
KARO	KO	41.0493	39.3089	12	0	42.0	1.2	0.84	0.01
KARS	KO	43.0937	40.6152	1	3	75.0	2.0	0.90	0.09
KAVV	KO	29.06	41.0638	27	2	48.0	1.2	1.29	0.01
KCTX	KO	28.3353	40.2627	56	2	24.0	0.5	1.44	0.01
KDZE	KO	31.443	41.3132	8	1	34.0	1.2	1.50	0.02
KIZT	KO	31.7163	38.8808	10	1	42.0	1.5	1.26	0.04
KLYT	KO	29.042	41.253	29	2	22.0	0.8	1.23	0.01
KMRS	KO	36.9	37.5053	59	4	39.0	0.2	0.78	0.00
KONT	KO	32.3605	37.9453	12	5	23.0	1.2	0.72	0.03
KOPR	KO	41.8535	39.9917	2	0	23.0	2.8	1.38	0.09
KOZT	KO	35.8268	37.4805	11	1	7.0	1.0	1.20	0.07
KRBG	KO	27.2977	40.3932	57	2	21.0	0.5	1.92	0.01
KRMN	KO	33.2636	37.174	4	0	49.0	1.8	0.60	0.01
KRTS	KO	35.375	36.573	10	0	20.0	1.5	1.23	0.05
KTUT	KO	39.7667	40.987	17	2	50.0	1.0	1.08	0.01
KULA	KO	28.6607	38.5145	17	15	-4.0	0.5	0.99	0.01
KULU	KO	33.0023	39.0343	6	0	43.0	1.2	1.41	0.01
KURC	KO	32.743	41.8456	9	1	53.0	2.0	0.84	0.02
KVT	KO	36.0463	41.0807	25	21	81.0	0.5	0.66	0.01
LADK	KO	32.3648	38.2	59	2	30.0	0.8	0.99	0.01
LAP	KO	26.7593	40.3703	39	0	34.0	1.0	1.50	0.01
LEF	KO	32.8433	35.1118	1	3	15.0	5.5	1.17	0.18
LFK	KO	33.5337	35.2832	0	3	-	-	-	-	
LOD	KO	32.764	39.8893	58	5	47.0	1.2	0.87	0.01
MALT	KO	38.4273	38.3134	5	0	19.0	1.0	1.20	0.04
MAZI	KO	40.4465	37.4593	13	0	48.0	1.2	0.90	0.01
MDNY	KO	28.8847	40.371	76	1	32.0	0.8	1.32	0.01
MDUB	KO	31.1977	40.4712	25	0	25.0	1.0	1.62	0.02
MERS	KO	34.522	36.8678	13	8	8.0	2.8	0.36	0.01
MLAZ	KO	42.5496	39.141	2	0	-89.0	8.2	0.66	0.07
MLSB	KO	27.7767	37.2953	12	5	-21.0	1.8	0.87	0.01
MRMT	KO	27.5832	40.609	27	0	44.0	1.0	1.32	0.01
PHSR	KO	27.5238	41.6308	31	2	8.0	0.5	1.56	0.02
PTK	KO	39.3923	38.8923	34	0	35.0	1.0	0.96	0.00
RKY	KO	27.1777	40.6875	53	0	30.0	0.8	2.25	0.01
RSDY	KO	37.3273	40.3972	12	3	53.0	2.8	0.57	0.01
SARI	KO	36.4182	38.4072	15	1	31.0	1.8	0.81	0.01
SAUV	KO	30.3272	40.7402	1	0	73.0	2.0	2.70	0.14
SENK	KO	42.3507	40.5615	20	0	59.0	1.8	1.53	0.02
SERE	KO	33.564	38.9463	18	0	51.0	1.8	1.08	0.01
SEYD	KO	31.838	37.4057	4	2	-16.0	2.8	0.42	0.03
SHUT	KO	30.551	38.553	81	1	21.0	0.2	1.77	0.01
SILT	KO	29.643	41.153	34	3	18.0	0.5	0.87	0.01
SIMA	KO	28.9825	39.0833	5	3	2.0	1.5	0.90	0.06
SIRT	KO	42.4392	37.501	1	5	-1.0	1.8	1.38	0.15
SLVT	KO	28.21	41.23	39	1	12.0	0.5	1.23	0.01
SNOP	KO	35.2068	42.0195	2	3	-72.0	3.8	0.66	0.01
SPNC	KO	30.3083	40.686	1	0	37.0	13.8	0.87	0.16
SULT	KO	33.5157	38.1988	1	2	-33.0	2.0	1.32	0.08
SVAN	KO	41.1985	38.1512	17	2	46.0	2.5	0.84	0.02
SVRC	KO	39.306	38.3775	20	3	30.0	1.0	1.26	0.01
SVRH	KO	31.523	39.447	21	8	31.0	2.0	0.72	0.02
SVSK	KO	36.9925	39.9175	67	7	43.0	1.2	0.93	0.01
TAHT	KO	36.1855	36.3755	20	1	17.0	0.5	1.74	0.02
TASB	KO	44.2384	39.9839	0	1	-	-	-	-	
TOKT	KO	36.5445	40.3173	20	0	54.0	1.5	0.69	0.01
TVSB	KO	29.4615	39.4497	31	3	16.0	0.5	1.23	0.02
UKOP	KO	26.6322	41.1288	1	0	23.0	4.5	1.83	0.04
URFA	KO	38.8213	37.441	56	4	24.0	0.5	1.11	0.00
VANB	KO	43.4058	38.509	1	0	88.0	5.8	1.11	0.13
YAYX	KO	33.8115	38.9387	3	0	87.0	1.2	1.11	0.04
YEDI	KO	40.5443	39.4377	16	5	43.0	1.5	0.72	0.01
YER	KO	28.2858	37.1362	6	3	11.0	9.0	0.18	0.05
YESY	KO	33.7432	37.7825	0	3	-	-	-	-	
YLV	KO	29.3708	40.5658	13	0	69.0	3.5	1.23	0.09
YOZ	KO	35.3152	39.6376	2	4	-84.0	0.8	0.78	0.03
YUVA	KO	31.6872	40.391	5	0	36.0	2.8	2.22	0.04
MIB	KW	47.3388	29.8032	0	1	-	-	-	-	
ARPR	MN	38.3356	39.0929	6	0	36.0	1.5	1.12	0.03
IDI	MN	24.89	35.288	0	3	-	-	-	-	
BSR2	MP	47.6191	30.2927	0	2	-	-	-	-	
DHK1	MP	42.8665	36.8606	0	1	-	-	-	-	
ANDN	TU	36.3452	37.58	3	8	7.0	1.8	0.54	0.06
AYDN	TU	27.8792	37.6608	1	1	-61.0	8.8	0.57	0.07
BORA	TU	30.4534	39.8801	22	1	18.0	0.8	1.17	0.02
DIGO	TU	43.3742	40.4147	1	0	15.0	14.2	1.11	0.25
ILGA	TU	33.7165	41.0521	35	0	39.0	1.0	1.59	0.01
KELT	TU	39.2556	40.1486	7	0	55.0	1.0	1.59	0.04
KEMA	TU	38.4932	39.2688	9	0	22.0	2.2	0.96	0.07
AGIN	XG	38.713	38.9391	5	1	34.0	1.8	1.02	0.05
AHLT	XG	42.477	38.7481	1	0	42.0	3.5	1.18	0.03
BNGL	XG	40.5966	38.9195	6	0	38.0	1.2	0.97	0.01
BYBT	XG	40.2655	40.2353	8	1	42.0	1.2	1.27	0.02
DGRL	XG	43.3268	41.0568	4	0	69.0	3.8	1.00	0.05
DGSU	XG	42.7297	39.1311	1	0	67.0	14.2	0.57	0.17
DYBR	XG	40.3186	37.823	3	1	24.0	1.5	1.23	0.05
ERGN	XG	39.7287	38.2587	4	0	20.0	1.2	1.52	0.06
EZRM	XG	41.3637	40.1035	6	0	22.0	1.5	1.15	0.04
HAMR	XG	42.9927	39.6136	0	1	-	-	-	-	
HINS	XG	41.6972	39.3489	5	0	45.0	1.2	1.05	0.01
HRPT	XG	39.2453	38.7043	9	0	45.0	1.0	1.20	0.01
HRSN	XG	42.2874	39.9453	4	0	49.0	1.8	1.38	0.03
IMRL	XG	38.1183	39.8787	2	0	25.0	3.5	0.90	0.08
KOTK	XG	43.0094	40.2227	2	0	69.0	2.5	1.02	0.03
KRLV	XG	40.9881	39.3746	5	0	30.0	1.2	0.72	0.01
KTLN	XG	41.7052	37.9533	1	1	15.0	3.8	0.95	0.21
KYPR	XG	41.1692	37.5589	2	1	72.0	1.5	0.60	0.03
MRDN	XG	40.7	37.2897	2	3	69.0	5.0	0.38	0.03
MSDY	XG	37.7765	40.4616	5	1	23.0	5.8	0.40	0.04
MUSH	XG	41.4831	38.7571	1	0	63.0	9.2	0.75	0.10
SILN	XG	41.041	38.1352	1	0	44.0	11.5	0.85	0.14
SIRN	XG	39.1199	40.2016	6	0	45.0	1.0	1.25	0.02
UZML	XG	39.7156	39.7134	5	1	33.0	2.5	0.93	0.04
AKH	XH	27.8081	38.9149	1	0	15.0	5.2	1.41	0.16
AYD	XH	27.8374	37.8407	0	3	-	-	-	-	
BOZ	XH	28.0495	38.3002	1	0	75.0	0.5	2.17	0.11
DEU	XH	27.2078	38.371	2	0	-17.0	0.5	2.40	0.06
KUL	XH	28.6339	38.5401	0	1	-	-	-	-	
LOUI	XQ	33.0407	34.8244	11	0	14.0	1.8	0.57	0.01
POLI	XQ	32.5083	34.8853	4	0	22.0	2.0	1.20	0.05
STVI	XQ	32.6294	35.023	6	2	23.0	3.5	0.90	0.12
W04	XW	28.0862	39.9178	2	0	15.0	2.2	1.72	0.04
W05	XW	27.9627	39.8025	2	0	-3.0	4.2	1.72	0.09
W07	XW	27.9208	39.2959	2	0	38.0	3.5	1.04	0.12
W08	XW	27.8339	39.2042	2	0	36.0	3.2	1.04	0.11
W09	XW	27.8951	38.9975	1	0	34.0	5.5	1.18	0.08
W11	XW	27.9692	38.7033	4	0	13.0	1.8	0.88	0.04
W13	XW	27.9417	38.5585	1	0	1.0	3.5	1.20	0.07
W17	XW	27.9986	37.8639	1	0	2.0	4.2	1.82	0.11
W19	XW	28.0648	37.549	0	1	-	-	-	-	
W20	XW	28.2189	37.4583	2	0	6.0	1.0	1.05	0.08
W23	XW	28.2622	36.8769	1	0	2.0	7.8	0.98	0.12
BEL	XY	31.2645	37.9709	6	0	17.0	1.5	1.42	0.04
CAM	XY	27.3875	37.8781	4	1	-16.0	1.2	1.60	0.06
CDK	XY	32.1847	40.9683	6	0	34.0	0.8	1.82	0.03
CIV	XY	29.8383	38.4115	8	2	-6.0	0.5	1.73	0.04
CMA	XY	28.491	39.2571	6	0	49.0	3.0	0.90	0.07
DOG	XY	30.8375	39.5281	6	0	22.0	1.2	1.27	0.03
ERE	XY	30.029	39.7486	8	0	12.0	1.5	1.20	0.03
GUN	XY	29.4931	37.5147	0	1	-	-	-	-	
HIS	XY	32.8652	39.1572	7	1	37.0	1.5	1.25	0.02
INL	XY	32.5501	36.1289	3	1	11.0	10.5	0.47	0.13
KAR	XY	30.6622	41.0436	8	0	37.0	4.0	0.97	0.03
KAS	XY	29.6836	36.2132	3	0	-23.0	2.5	1.10	0.03
KOY	XY	27.1639	39.5442	12	0	21.0	0.5	1.73	0.01
KZB	XY	31.8828	38.8806	6	1	33.0	1.8	1.04	0.03
MAN	XY	31.7246	36.7818	1	0	8.0	8.8	1.02	0.27
ORE	XY	28.3278	38.0244	3	2	-9.0	1.5	0.98	0.05
POL	XY	32.0583	39.6174	4	0	34.0	3.2	1.27	0.04
PRK	XY	26.272	39.246	11	1	27.0	1.0	1.98	0.01
SEK	XY	31.7189	40.1983	4	0	26.0	2.2	1.48	0.04
UMT	XY	29.1675	39.3517	3	1	36.0	2.2	1.18	0.05
AT01	YB	36.7109	39.724	7	0	57.0	2.2	0.75	0.03
AT02	YB	37.0573	39.3806	1	2	20.0	3.8	0.99	0.11
AT03	YB	37.5955	39.0301	4	1	19.0	3.5	0.81	0.06
AT04	YB	38.1385	38.6278	3	1	19.0	1.0	1.23	0.05
AT05	YB	38.7937	38.2174	2	0	22.0	2.8	1.47	0.06
AT06	YB	35.6665	39.6731	3	0	81.0	3.0	0.78	0.06
AT07	YB	36.2223	39.1454	1	3	81.0	14.5	0.60	0.17
AT08	YB	36.9266	38.804	1	3	10.0	2.8	1.59	0.12
AT09	YB	37.5696	38.4019	7	0	20.0	1.0	1.23	0.04
AT11	YB	38.3758	37.7579	6	0	40.0	1.8	0.81	0.03
AT12	YB	34.7451	39.4523	4	0	64.0	2.5	1.02	0.06
AT13	YB	35.3153	39.077	7	1	-78.0	1.0	0.96	0.04
AT14	YB	36.0603	38.6277	0	2	-	-	-	-	
AT15	YB	36.7763	38.3476	1	1	48.0	3.5	1.35	0.33
AT16	YB	37.136	38.0842	2	3	31.0	2.5	0.57	0.04
AT17	YB	37.52	37.7466	10	0	46.0	1.2	0.87	0.00
AT18	YB	37.9589	37.4427	7	1	2.0	1.0	1.17	0.02
AT19	YB	33.5811	39.7352	5	1	28.0	2.8	0.60	0.02
AT20	YB	34.1573	39.3639	6	0	61.0	2.8	0.72	0.03
AT21	YB	34.5246	38.9269	4	0	64.0	1.8	0.87	0.03
AT22	YB	34.9903	38.5906	2	1	54.0	10.0	0.36	0.05
AT23	YB	35.5496	38.3631	2	2	24.0	5.0	0.45	0.07
AT24	YB	35.9024	38.1646	5	1	26.0	3.5	0.60	0.05
AT26	YB	36.7315	37.6299	0	1	-	-	-	-	
AT28	YB	37.5501	37.2527	11	0	18.0	0.8	1.29	0.04
AT29	YB	33.3776	39.179	7	2	49.0	1.5	0.93	0.01
AT30	YB	34.0045	38.764	8	0	67.0	1.5	0.87	0.01
AT31	YB	34.5084	38.5727	0	3	-	-	-	-	
AT32	YB	34.889	38.2967	0	5	-	-	-	-	
AT33	YB	35.1502	38.0292	5	3	39.0	11.2	0.21	0.03
AT34	YB	35.5147	37.9051	5	0	4.0	2.0	0.69	0.07
AT35	YB	35.8772	37.6727	6	0	11.0	0.8	1.26	0.04
AT37	YB	36.4915	37.2442	7	2	20.0	0.8	1.14	0.02
AT38	YB	36.808	37.0361	11	0	27.0	0.5	1.11	0.01
AT40	YB	32.4513	38.8489	8	1	43.0	1.8	1.23	0.05
AT41	YB	33.2447	38.4684	2	2	40.0	0.8	0.93	0.07
AT43	YB	34.3305	38.0579	0	2	-	-	-	-	
AT45	YB	35.0198	37.6876	1	1	-31.0	16.5	0.33	0.13
AT46	YB	35.5761	37.3027	4	1	16.0	2.5	1.02	0.08
AT48	YB	36.4138	36.6193	9	1	20.0	0.8	1.50	0.03
AT49	YB	32.253	38.5137	12	1	44.0	1.0	1.32	0.01
AT50	YB	32.8781	38.2999	10	0	34.0	2.5	0.72	0.04
AT51	YB	33.3797	38.0085	1	1	-49.0	2.2	1.95	0.25
AT53	YB	34.3336	37.5773	2	0	84.0	2.0	1.05	0.14
AT54	YB	34.8818	37.4756	0	1	-	-	-	-	
AT55	YB	35.0873	37.0837	0	1	-	-	-	-	
AT56	YB	35.5469	36.7019	0	1	-	-	-	-	
AT58	YB	33.3254	37.565	0	2	-	-	-	-	
AT59	YB	33.8196	37.2833	5	0	25.0	12.0	0.63	0.11
AT60	YB	34.3637	37.0163	6	1	52.0	2.5	0.57	0.02
AT61	YB	32.3623	37.4495	2	2	-2.0	1.0	0.66	0.02
AT62	YB	33.0534	37.103	7	0	71.0	1.2	1.26	0.04
AT63	YB	33.472	36.7125	4	0	58.0	4.0	0.66	0.07
AT64	YB	34.1213	36.6013	1	3	2.0	0.8	1.56	0.17
AT67	YB	36.2478	36.9517	9	0	23.0	1.8	1.08	0.06
AT68	YB	37.8338	38.0245	6	2	31.0	1.8	1.14	0.04
AT69	YB	37.197	37.4842	1	1	26.0	4.5	0.96	0.11
AT70	YB	34.5432	37.9336	0	4	-	-	-	-	
AT71	YB	34.2587	37.3779	3	1	74.0	2.0	0.99	0.14
APER	YF	27.1741	35.5504	2	0	87.0	7.8	0.67	0.07
KOUM	YF	26.8377	37.7041	4	0	-4.0	1.5	0.98	0.04
DA01	YH	30.0923	40.2844	7	0	6.0	1.2	0.96	0.02
DA02	YH	30.062	40.3652	4	0	20.0	2.8	0.78	0.03
DA03	YH	30.0719	40.4372	2	0	11.0	1.5	1.02	0.01
DA04	YH	30.0922	40.4806	4	0	18.0	2.5	0.81	0.05
DA05	YH	30.0884	40.5482	1	0	3.0	7.5	0.87	0.08
DA06	YH	30.087	40.6156	4	0	23.0	4.2	0.81	0.04
DA07	YH	30.0868	40.6847	1	0	59.0	3.5	1.98	0.17
DA09	YH	30.0827	40.8095	3	0	27.0	1.8	1.50	0.02
DA10	YH	30.0712	40.8593	2	0	11.0	5.5	1.17	0.07
DA11	YH	30.0762	40.9348	1	0	9.0	3.2	0.90	0.05
DB01	YH	30.1652	40.2845	2	0	6.0	4.5	0.96	0.09
DB02	YH	30.1634	40.387	6	0	16.0	1.8	0.93	0.02
DB03	YH	30.146	40.4212	3	0	13.0	3.0	0.93	0.04
DB04	YH	30.1612	40.49	2	0	3.0	1.2	1.23	0.03
DB05	YH	30.1246	40.5649	2	0	8.0	3.5	0.90	0.05
DB07	YH	30.1788	40.6802	1	0	52.0	6.2	1.50	0.19
DB09	YH	30.1619	40.805	3	0	58.0	3.0	1.50	0.09
DB10	YH	30.1605	40.8618	3	1	11.0	3.0	1.23	0.05
DB11	YH	30.1658	40.9229	3	0	10.0	2.5	1.08	0.05
DC01	YH	30.2405	40.2969	2	0	21.0	3.2	0.87	0.07
DC02	YH	30.2349	40.3599	2	0	18.0	3.5	0.87	0.06
DC04	YH	30.2356	40.4824	1	0	-15.0	2.2	1.44	0.11
DC05	YH	30.2518	40.5634	1	0	-1.0	10.0	0.75	0.07
DC06	YH	30.2658	40.6167	2	0	14.0	2.5	0.87	0.02
DC07	YH	30.2422	40.6671	1	0	22.0	14.0	1.29	0.24
DC09	YH	30.2442	40.8078	3	0	54.0	4.0	1.14	0.07
DC10	YH	30.249	40.8802	2	0	10.0	3.2	1.02	0.04
DC11	YH	30.2364	40.9286	5	0	7.0	2.5	1.11	0.04
DD01	YH	30.3167	40.285	3	0	13.0	1.8	1.26	0.04
DD02	YH	30.3102	40.3777	6	0	24.0	1.5	0.96	0.02
DD04	YH	30.3134	40.4953	4	0	20.0	3.0	0.90	0.06
DD05	YH	30.3294	40.5452	2	0	-1.0	2.5	0.87	0.03
DD06	YH	30.3178	40.6235	2	0	11.0	6.5	0.81	0.08
DD09	YH	30.3291	40.8033	2	0	58.0	10.5	1.20	0.14
DD11	YH	30.3132	40.9314	2	0	15.0	3.0	1.17	0.06
DE01	YH	30.4088	40.2975	3	0	34.0	3.2	1.26	0.06
DE02	YH	30.4044	40.362	1	0	18.0	7.8	0.93	0.11
DE03	YH	30.4084	40.42	5	0	24.0	2.5	0.87	0.03
DE04	YH	30.4104	40.4791	2	0	23.0	1.8	1.05	0.03
DE05	YH	30.4098	40.5224	2	0	10.0	4.5	1.29	0.11
DE06	YH	30.3799	40.6091	2	0	-6.0	11.5	0.66	0.13
DE09	YH	30.4098	40.8097	1	0	66.0	4.8	1.89	0.18
DE10	YH	30.4	40.8779	2	0	8.0	4.2	0.87	0.04
DE11	YH	30.3988	40.9289	1	0	53.0	3.0	1.23	0.06
DF01	YH	30.4972	40.3004	3	0	40.0	1.8	1.35	0.02
DF04	YH	30.4943	40.4734	1	0	11.0	3.2	1.23	0.11
DF05	YH	30.4902	40.5399	1	0	18.0	8.8	0.75	0.10
DF06	YH	30.4792	40.6275	2	0	-4.0	1.8	1.32	0.09
DF07	YH	30.4926	40.6782	1	0	33.0	3.2	0.99	0.03
DF09	YH	30.4902	40.8056	2	0	64.0	2.2	1.89	0.13
DF10	YH	30.4972	40.8753	1	0	71.0	2.2	1.68	0.08
DF11	YH	30.4925	40.9293	3	0	28.0	7.0	1.08	0.07
KO01	YH	30.3043	40.0849	4	0	31.0	1.2	0.96	0.02
KO02	YH	30.6244	40.1966	1	0	0.0	11.5	0.81	0.11
KO03	YH	30.8131	40.4281	2	0	23.0	1.8	1.11	0.02
KO07	YH	30.1702	41.0459	2	0	12.0	1.5	1.08	0.04
E01	YI	30.5546	40.9336	3	0	20.0	3.8	1.36	0.07
E02	YI	30.6711	40.8422	2	0	51.0	6.0	1.27	0.09
E04	YI	30.6355	40.5639	3	0	75.0	2.5	1.34	0.10
E05	YI	30.4536	40.3414	3	0	26.0	3.5	1.44	0.07
E06	YI	30.4961	40.1726	1	0	38.0	6.8	1.25	0.10
E07	YI	30.4131	40.0547	3	0	38.0	2.0	1.34	0.06
E08	YI	30.4047	39.8969	4	0	17.0	1.2	1.25	0.04
E09	YI	30.4094	39.6778	1	0	29.0	5.0	1.08	0.06
E10	YI	30.4528	39.2739	5	0	5.0	1.2	1.54	0.08
E11	YI	30.5769	39.0714	1	0	37.0	5.0	1.42	0.16
E12	YI	30.7518	38.7706	2	0	6.0	7.5	1.97	0.19
E120	YI	30.7386	38.7925	1	0	19.0	8.0	1.90	0.13
E13	YI	30.7144	38.3603	2	0	75.0	4.0	1.37	0.14
E16	YI	30.6328	37.5856	2	0	-31.0	7.5	0.89	0.13
E17	YI	30.7133	37.3208	2	0	-74.0	5.2	2.09	0.34
E19	YI	30.6752	37.027	1	0	-30.0	6.0	0.86	0.08
E20	YI	30.4583	36.7664	1	0	-5.0	6.2	0.86	0.05
E21	YI	30.535	36.6508	1	0	-28.0	8.5	1.06	0.08
ALIC	YL	33.487	40.978	5	0	41.0	1.8	1.27	0.02
ALIN	YL	32.879	41.061	3	0	57.0	1.2	1.43	0.02
ALOR	YL	32.87	41.301	4	0	24.0	3.0	1.43	0.09
ARSL	YL	35.887	40.955	4	2	66.0	15.2	0.28	0.09
BAGB	YL	36.41	40.278	4	2	37.0	5.8	0.42	0.03
BEDI	YL	33.506	41.121	14	0	58.0	1.0	1.38	0.01
BEKI	YL	34.263	41.315	0	3	-	-	-	-	
BOKE	YL	36.211	40.552	1	0	78.0	1.8	0.78	0.04
CAKM	YL	37.367	40.015	12	0	49.0	1.2	0.97	0.02
CALT	YL	35.125	41.328	1	3	-80.0	8.2	0.75	0.16
CAYA	YL	34.269	40.373	4	1	38.0	1.5	1.02	0.08
CRLU	YL	34.357	40.064	4	0	37.0	3.5	0.75	0.03
CUKU	YL	33.441	40.604	4	0	32.0	1.2	1.12	0.01
DERE	YL	35.064	41.477	0	3	-	-	-	-	
DOGL	YL	35.284	40.391	12	0	69.0	0.8	0.97	0.01
DUMA	YL	35.14	40.918	3	1	66.0	2.5	0.53	0.04
EKIN	YL	35.787	41.147	1	1	-53.0	13.8	0.75	0.26
GOCE	YL	34.348	39.743	1	0	-79.0	8.2	0.65	0.06
HASA	YL	33.565	41.469	2	1	52.0	4.2	0.57	0.05
INCE	YL	32.906	40.581	10	0	32.0	0.8	1.10	0.01
INSU	YL	35.366	39.842	1	7	83.0	6.8	0.82	0.21
ISKE	YL	37.067	40.764	4	0	43.0	4.2	0.78	0.03
KARA	YL	35.245	40.688	9	0	61.0	1.8	0.72	0.02
KAVA	YL	32.878	40.28	9	0	44.0	2.0	1.32	0.03
KGAC	YL	34.323	40.941	4	0	55.0	1.8	0.80	0.06
KIYI	YL	35.316	40.131	3	3	74.0	2.2	0.80	0.05
KIZIK	YL	36.536	40.048	9	0	42.0	2.0	0.55	0.01
KUYL	YL	34.332	41.59	4	0	66.0	1.5	0.88	0.05
KUZA	YL	36.248	40.441	4	0	54.0	6.5	0.68	0.04
KUZO	YL	32.861	40.904	11	0	56.0	1.8	1.55	0.03
OGUR	YL	35.165	41.109	2	0	66.0	2.2	0.97	0.07
PANC	YL	34.301	40.647	5	1	55.0	2.8	0.82	0.03
PELI	YL	34.299	41.113	8	0	46.0	3.0	0.85	0.03
SEYH	YL	32.9	40.856	11	0	57.0	2.2	1.93	0.03
SYUN	YL	33.529	40.838	10	0	41.0	2.2	1.12	0.03
TEPE	YL	35.743	41.369	0	7	-	-	-	-	
YESI	YL	37.229	40.405	2	1	54.0	3.0	0.80	0.03
YIKI	YL	35.954	40.748	7	0	84.0	0.8	0.90	0.03
AMOS	Z3	25.769	36.7956	2	0	22.0	5.2	0.90	0.10
ANAF	Z3	25.7783	36.3581	1	1	-16.0	2.8	1.47	0.12
ANID	Z3	25.6847	36.6251	2	0	7.0	1.8	1.02	0.04
ANPA	Z3	25.0763	37.0323	1	0	-6.0	8.5	0.84	0.21
ASTY	Z3	26.4114	36.5795	1	1	62.0	2.2	1.02	0.15
IKAR	Z3	26.305	37.6435	5	0	21.0	3.5	0.99	0.04
IOSI	Z3	25.3618	36.7347	1	2	-6.0	7.5	1.05	0.06
KASO	Z3	26.9152	35.4115	2	1	8.0	7.2	0.66	0.04
KOSI	Z3	26.9517	36.7449	0	2	-	-	-	-	
LERO	Z3	26.8353	37.1634	0	3	-	-	-	-	
MYKO	Z3	25.3844	37.4822	3	0	32.0	4.5	0.69	0.04
NAXO	Z3	25.44	36.98	2	0	39.0	3.0	0.54	0.01
PARO	Z3	25.1825	37.115	1	0	-24.0	4.0	0.90	0.12
PARS	Z3	25.2253	37.0285	1	0	17.0	3.5	1.05	0.13
RHON	Z3	28.0844	36.38	3	0	14.0	1.2	0.96	0.01
RHOS	Z3	27.8197	36.011	4	0	27.0	4.8	0.84	0.05
SAMO	Z3	26.8377	37.7043	6	1	-2.0	1.0	1.35	0.04
SCHI	Z3	25.518	36.8744	1	0	32.0	9.0	0.72	0.11
TILO	Z3	27.3535	36.4485	3	0	19.0	2.5	1.17	0.05
TUR1	Z3	26.8676	38.0865	6	0	24.0	2.0	1.08	0.01
TUR2	Z3	27.2418	37.642	2	0	32.0	5.0	0.75	0.04
TUR3	Z3	27.538	37.4663	0	2	-	-	-	-	
TUR4	Z3	27.8077	37.08	1	0	59.0	3.2	1.53	0.19
TUR5	Z3	27.3167	37.0302	0	1	-	-	-	-	
TUR6	Z3	28.4262	37.0159	0	1	-	-	-	-	
TUR7	Z3	27.5697	36.7017	1	0	44.0	5.0	0.90	0.07
TUR8	Z3	28.939	36.8273	1	0	22.0	5.5	1.26	0.09
TUR9	Z3	28.0887	36.7015	1	0	-7.0	4.0	1.32	0.25
IB09	Z4	35.3966	31.2312	1	0	3.0	1.5	1.50	0.07
IB11	Z4	35.4202	31.201	3	0	12.0	1.0	1.29	0.04
IB13	Z4	35.444	31.1712	1	0	15.0	11.0	1.20	0.23
IB15	Z4	35.4553	31.1364	1	0	-9.0	12.2	0.75	0.09
IB17	Z4	35.4523	31.101	1	0	-11.0	2.2	2.01	0.05
IB19	Z4	35.4358	31.0669	2	0	23.0	3.0	1.23	0.08
IB22	Z4	35.3647	31.0626	1	0	-2.0	3.0	1.86	0.11
IB31	Z4	35.3474	31.3166	1	0	-5.0	12.8	1.59	0.22
IB38	Z4	35.3809	31.4499	1	0	10.0	2.5	1.83	0.13
IB44	Z4	35.4626	31.7527	1	0	8.0	4.5	1.80	0.09
IS02	Z4	35.2345	31.2605	5	0	-6.0	1.5	1.29	0.02
IS10	Z4	35.4086	31.2159	3	0	2.0	2.2	1.53	0.04
IS14	Z4	35.4522	31.154	1	0	-1.0	5.0	0.96	0.07
IS32	Z4	35.354	31.3535	1	0	4.0	1.8	2.04	0.03
IS37	Z4	35.3806	31.4162	1	0	8.0	3.5	1.71	0.11
IS43	Z4	35.4354	31.6782	1	0	-5.0	3.2	1.50	0.03
JB01	Z4	35.4792	31.2371	2	1	17.0	3.0	1.02	0.10
JB04	Z4	35.4281	31.25	1	0	-5.0	3.5	1.23	0.10
JB07	Z4	35.4796	31.2915	2	0	19.0	8.2	0.90	0.14
JB12	Z4	35.5002	31.3725	2	0	18.0	8.8	0.84	0.10
JB15	Z4	35.5436	31.2475	1	0	-10.0	2.2	2.01	0.13
JB18	Z4	35.6216	31.2515	1	0	18.0	3.5	1.50	0.22
JB19	Z4	35.6456	31.2332	2	0	-6.0	5.5	1.59	0.18
JB21	Z4	35.6688	31.1989	3	0	3.0	1.0	1.68	0.04
JB25	Z4	35.5206	31.0893	1	0	11.0	4.0	2.10	0.08
JB29	Z4	35.5657	31.3001	2	1	2.0	1.5	1.80	0.05
JB39	Z4	35.6076	31.1947	1	0	-1.0	6.5	1.80	0.17
JB42	Z4	35.4958	31.3291	1	0	14.0	2.0	1.44	0.16
JS08	Z4	35.486	31.307	2	1	5.0	1.5	1.29	0.10
JS09	Z4	35.4853	31.3234	1	0	-17.0	9.2	0.51	0.09
JS11	Z4	35.5083	31.3512	1	0	9.0	7.8	1.35	0.19
JS13	Z4	35.5029	31.2349	2	0	12.0	1.8	1.11	0.04
JS20	Z4	35.6625	31.2131	1	0	-5.0	5.5	1.38	0.04
JS22	Z4	35.6912	31.1945	2	0	13.0	2.5	1.26	0.12
JS33	Z4	35.6422	31.3346	1	0	15.0	2.5	1.50	0.03
JS35	Z4	35.6964	31.3791	1	0	-1.0	5.5	1.53	0.06
JS40	Z4	35.6301	31.1166	2	0	2.0	1.2	2.10	0.03
ID02	ZR	34.7101	31.2414	1	0	4.0	3.5	0.96	0.09
ID03	ZR	34.7814	31.1356	0	1	-	-	-	-	
ID04	ZR	34.7716	30.7281	2	1	7.0	1.2	1.47	0.03
ID05	ZR	34.7945	30.8705	2	0	4.0	2.0	1.59	0.10
ID06	ZR	35.1788	30.5649	0	1	-	-	-	-	
ID07	ZR	34.7715	30.7874	4	1	3.0	1.8	1.41	0.04
ID08	ZR	34.7906	30.6025	3	0	26.0	0.5	1.62	0.04
ID12	ZR	34.9198	30.9896	0	1	-	-	-	-	
ID15	ZR	35.0849	30.8675	1	0	-3.0	3.2	1.68	0.10
ID16	ZR	35.0158	30.9176	1	0	-11.0	8.2	0.90	0.16
ID17	ZR	34.9047	30.6163	1	1	-3.0	2.2	1.41	0.04
ID19	ZR	35.2839	30.7651	1	0	8.0	5.2	1.65	0.11
ID20	ZR	34.4722	30.791	1	0	-10.0	1.0	1.47	0.02
ID21	ZR	34.9525	30.3325	2	0	8.0	2.8	1.53	0.04
ID23	ZR	35.043	30.0524	3	0	3.0	1.0	1.68	0.02
ID24	ZR	34.9149	29.7928	1	0	-14.0	2.2	1.50	0.02
ID25	ZR	34.3222	31.1896	2	1	7.0	4.5	0.99	0.08
ID27	ZR	35.2389	30.6593	0	1	-	-	-	-	
ID28	ZR	35.1554	30.3621	1	1	1.0	3.0	1.89	0.16
ID31	ZR	35.129	30.0839	1	0	-4.0	1.0	1.80	0.05
ID33	ZR	34.996	29.905	3	0	-1.0	2.8	1.47	0.04
JD01	ZR	35.479	31.237	2	0	-4.0	1.2	1.68	0.04
JD02	ZR	35.4056	30.8133	6	1	0.0	1.0	1.62	0.02
JD03	ZR	35.4122	30.623	3	0	0.0	2.0	1.65	0.03
JD06	ZR	35.2077	30.0906	1	0	20.0	3.0	1.95	0.19
JD08	ZR	35.054	29.719	3	1	0.0	1.5	1.47	0.07
JK05	ZR	35.4761	30.2439	1	0	-10.0	4.0	1.50	0.08
JK06	ZR	35.3666	30.0396	1	0	-2.0	3.2	1.89	0.09
JS02	ZR	36.2403	30.2932	4	0	12.0	1.2	1.18	0.04
JS03	ZR	36.1402	29.935	1	0	28.0	3.8	1.23	0.04
JS05	ZR	35.813	29.433	6	1	-2.0	1.8	1.10	0.03
JS07	ZR	35.3918	29.4208	6	1	-2.0	0.8	1.38	0.02
JW01	ZR	35.9681	30.866	4	0	17.0	3.8	1.20	0.10
JW04	ZR	35.7685	30.3282	1	0	22.0	5.5	1.26	0.13
JW05	ZR	35.694	30.225	2	0	23.0	2.0	1.32	0.03
JW09	ZR	35.3194	29.683	1	0	-6.0	4.8	1.32	0.19
