#Iran
47.0497 38.4682 3.81 11.21 0.16 0.2 0.005
47.6501 37.8288 1.02 12.9 0.15 0.16 0.006
47.271 38.27 3.29 12.22 0.59 0.61 -0.005
45.7316 38.674 4.52 10.82 0.12 0.12 0.011
45.605 38.952 3.85 11.48 0.71 0.71 -0.004
45.887 38.228 1.75 12.63 0.38 0.37 0.024
45.3606 38.316 0.22 13.97 0.11 0.1 0.012
45.1933 38.4915 2.84 13.52 0.13 0.13 0.01
45.4142 38.6721 4.43 10.68 0.19 0.11 0.008
45.661 39.837 4.89 11.54 0.97 0.93 -0.016
45.049 39.297 4.83 10.64 0.72 0.73 -0.003
45.0615 39.3514 4.86 9.66 0.14 0.16 0.006
46.5956 38.1517 2.77 10.11 0.18 0.18 0.005
46.459 39.315 3.68 12.33 1.32 0.83 0
44.287 40.381 2.08 7.4 0.41 0.4 -0.019
44.3922 39.3792 4.97 7.95 0.22 0.41 0.002
44.428 38.489 -0.7 13.3 1.07 1.08 -0.009
44.771 37.9851 -2.06 13.63 0.49 0.39 0.001
41.357 37.417 -5.82 13.6 1.05 1.06 0.001
42.133 41.648 0.81 3.31 1.33 0.82 -0.016
41.936 37.932 -4.61 15.23 1.5 1.51 -0.002
44.574 37.305 -3.2 14.87 0.89 0.89 0.011
41.154 37.864 -6.43 15.27 0.81 0.81 0

#R
43.891 41.537 1.50 4.65 0.63 0.59 0.003
43.759 38.997 -5.00 11.49 2.09 1.42 -0.089
43.341 38.549 -5.05 13.13 0.86 0.84 0.014
43.026 39.719 0.84 8.66 0.68 0.65 -0.036
43.135 42.468 1.02 3.98 0.86 0.71 -0.008
43.170 40.685 1.54 5.92 0.59 0.50 -0.015
41.057 38.959 -6.75 11.47 1.43 1.20 -0.024
41.300 39.973 -0.66 5.88 0.66 0.64 0.008
41.339 41.371 -0.54 2.83 0.90 0.89 -0.017
41.454 39.186 -5.88 10.74 2.01 1.29 -0.046
41.512 39.643 -2.09 4.39 1.78 1.22 -0.072
41.565 43.788 0.78 1.23 0.44 0.43 0.004
41.565 43.788 0.78 1.23 0.44 0.43 0.004
41.794 38.754 -4.69 14.76 0.84 0.69 0.107
41.990 40.548 1.95 5.07 0.93 0.90 0.020
42.062 42.721 -0.42 3.35 0.49 0.49 -0.005
42.471 42.022 2.18 4.19 0.75 0.69 -0.031
42.787 44.011 0.01 1.32 0.85 0.85 -0.007
44.486 42.447 0.76 3.98 0.59 0.58 0.028
45.795 41.951 -0.25 5.48 0.72 0.68 -0.015
46.511 41.652 1.09 5.28 0.63 0.63 0.002
47.250 41.132 1.18 5.74 0.64 0.64 0.002
47.863 40.975 0.70 4.19 0.66 0.64 -0.004
40.809 40.437 0.72 3.31 0.56 0.51 -0.015
40.052 38.963 -13.53 9.87 1.58 1.36 -0.012
40.254 39.731 -2.81 5.81 0.75 0.68 -0.015
39.524 39.071 -16.97 11.96 1.45 1.30 -0.004
39.164 39.613 -18.72 9.73 0.93 0.87 -0.026
39.242 44.704 -0.22 0.05 1.27 1.13 0.018
39.254 38.640 -13.64 10.88 1.24 1.20 -0.046
44.145 39.556 -0.70 7.11 2.12 1.29 -0.107

#AM
44.287 40.381 2.3 6.7 0.6 0.6 -0.017
44.657 40.101 2 7.4 0.6 0.6 -0.003
43.782 41.121 1.7 6.5 0.3 0.3 0
43.782 41.121 2.1 5.4 0.6 0.6 0.111
45.094 40.92 3.1 6.3 0.6 0.6 -0.006
45.908 40.204 4.8 8.7 0.6 0.6 -0.002
43.951 40.108 2.9 6.2 0.6 0.6 0
44.276 40.736 1.6 7.3 0.4 0.4 -0.006