ALAV 41.121500 44.754300 41.000000 1.180000 3 32
ARZA 40.497700 44.590300 64.000000 1.400000 1 43
BAUR 41.115000 43.803600 59.000000 0.880000 6 21
BYUR 40.329800 44.269600 27.000000 0.380000 2 25
GERK 40.256700 45.136800 nan nan 0 30
KECH 39.803100 45.664500 nan nan 0 8
LICH 40.507700 44.931900 nan nan 0 25
MAGY 41.035300 44.400900 69.000000 0.730000 2 30
NAVR 40.866400 45.351200 54.000000 0.500000 1 16
SHEN 40.797200 44.190500 28.000000 1.300000 1 21
TSAP 40.400200 45.481100 -23.000000 0.200000 2 10
VAND 40.107900 43.813600 45.000000 0.770000 4 16
ZARN 40.482100 43.784200 37.000000 1.510000 9 35
AKH 41.410000 43.492900 40.000000 1.140000 23 35
BGD 41.264500 43.598600 nan nan 0 2
CHVG 42.718300 42.084100 nan nan 0 2
DGRG 41.450700 45.372800 nan nan 0 3
GUDG 42.464600 44.477200 nan nan 0 10
ONI 42.590500 43.452500 50.000000 1.190000 16 33
SEAG 41.763600 44.803600 nan nan 0 1
TBLG 41.730900 44.738200 37.000000 1.070000 9 26
TRLG 41.539200 44.101800 nan nan 0 17
KIV 43.960000 42.690000 36.000000 0.750000 10 110
GNI 40.148000 44.741000 54.000000 0.680000 26 93
ABST 41.755400 42.813500 25.000000 1.650000 3 18
AMBR 42.515500 43.136800 33.000000 1.290000 5 18
AZMN 41.317200 43.286100 44.000000 1.400000 1 5
BATM 41.604000 41.693600 42.000000 2.500000 1 4
BKRG 41.759600 43.522300 nan nan 0 9
BRNG 41.659200 43.749000 nan nan 0 3
BURN 41.659200 43.749000 nan nan 0 2
DDFL 41.445800 46.118300 57.000000 1.010000 3 17
DMNI 41.329100 44.190200 43.000000 1.140000 5 9
GANZ 41.353700 43.741600 nan nan 0 4
GUDA 42.464600 44.477200 nan nan 0 4
KHVA 42.190200 43.523600 nan nan 0 2
KZRT 41.386600 44.398700 nan nan 0 16
LGD 41.834300 46.242200 nan nan 0 7
TKBL 42.350900 42.994300 55.000000 0.880000 5 12
TRLT 41.539200 44.101800 27.000000 1.100000 2 25
URAV 42.643700 43.289900 43.000000 0.800000 1 21
GANJ 40.651900 46.329700 -41.000000 0.730000 3 3
QZX 41.048000 45.372000 66.000000 0.700000 1 1
ZKT 41.640000 46.630000 nan nan 0 1
TASB 39.983860 44.238410 73.000000 0.530000 9 46
BCA 41.445000 41.622300 57.000000 1.410000 13 50
